0 14.9069 114
1 14.8205 219
2 10.6198 66
3 10.6091 225
4 25.2169 0
5 25.5201 123

[120, 218, 44, 211, 0, 122]



0 19.6587 117
1 19.5232 222
2 13.5888 69
3 13.5684 228
4 27.433 18
5 27.3888 132
[135, 225, 87, 259, 3, 154]
depth 2
trees 1
train pat0-9, sampled at 7 7 3
test pat0, sampled at 20 20 10


——————————————
[120, 218, 44, 211, 0, 122]


0 15.2153 120
1 15.1839 222
2 11.1478 63
3 11.1829 222
4 25.9723 0
5 26.121 126

0 15.7213 120
1 15.674 222
2 10.9339 66
3 10.9662 225
4 25.6809 0
5 25.8917 126

train pat0-9, sampled at 7 7 3
test: pat0, sampled at 20 20 10


———————————————
[105, 197, 60, 218, 3, 114]

0 12.1473 108
1 12.1203 210
2 9.89192 57
3 9.90816 219
4 21.7737 0
5 22.3076 117

0 13.1373 105
1 13.0802 207
2 9.48386 60
3 9.52222 222
4 21.6854 0
5 22.0986 120


————————————
[135, 225, 87, 259, 3, 154]

0 20.2615 123
1 20.117 225
2 14.1422 66
3 14.1816 228
4 27.8748 18
5 27.7379 132

0 19.1973 123
1 19.1252 225
2 14.2218 69
3 14.2332 231
4 28.665 15
5 28.8066 132

——————————
[155, 293, 128, 309, 4, 161]
0 26.0627 174
1 26.0975 276
2 21.8238 111
3 21.9067 273
4 46.6719 21
5 46.251 132

0 25.5676 171
1 25.5053 276
2 24.6425 96
3 24.3347 267
4 47.8272 21
5 47.4469 132

————————————
[93, 167, 53, 152, 9, 75]

0 9.23929 72
1 9.1384 177
2 5.67807 36
3 5.67612 198
4 13.0726 0
5 14.7004 102

0 9.34549 75
1 9.3639 177
2 5.794 33
3 5.81315 195
4 13.3812 0
5 14.6333 105

———————————
[84, 167, 79, 186, 4, 103]

0 10.9595 72
1 10.9138 174
2 7.07619 33
3 7.10096 192
4 15.6796 0
5 16.1157 117

0 10.567 75
1 10.4968 180
2 6.9974 36
3 7.00677 198
4 15.888 0
5 16.4305 114

————————————
[145, 223, 126, 246, 0, 104]
